8
3.74159 2.5022 -3.72215 2.5022 -3.72215 -2.52856 3.74159 -2.52856 2.59588 0.588 0.6 0.59
v -3.57017 0 0.957869
v -4.39166 0 0.386732
v -3.89883 0 -0.322118
v -3.07734 0 0.249018
f 1 2 3 4
v -0.459072 0 0.164962
v 1.04819 0 -1.1501
v 1.73213 0 -0.366199
v 0.224862 0 0.948859
f 5 6 7 8
v 1.8902 0 1.46623
v 2.4736 0 0.659076
v 2.94448 0 0.999421
v 2.36108 0 1.80657
f 9 10 11 12
v -2.07199 0 -2.15756
v -1.64339 0 -3.06164
v -0.863281 0 -2.69181
v -1.29188 0 -1.78773
f 13 14 15 16
v 1.9741 0 -0.406095
v 3.08724 0 -2.18718
v 4.47935 0 -1.31714
v 3.3662 0 0.463947
f 17 18 19 20
v -1.84464 0 1.2764
v -2.50625 0 1.14358
v -2.36105 0 0.420348
v -1.69945 0 0.553175
f 21 22 23 24
v 3.49955 0 2.64842
v 2.93453 0 2.27949
v 3.33782 0 1.66184
v 3.90284 0 2.03077
f 25 26 27 28
