8
3.74159 2.5022 -3.72215 2.5022 -3.72215 -2.52856 3.74159 -2.52856 2.59588 0.588 0.6 0.59
v -2.58261 0 2.24553
v -3.16809 0 3.05686
v -3.86817 0 2.55166
v -3.28269 0 1.74033
f 1 2 3 4
v -0.525219 0 -0.377573
v -1.38688 0 1.42763
v -2.32573 0 0.979504
v -1.46407 0 -0.825703
f 5 6 7 8
v -2.24531 0 -1.04143
v -2.86748 0 -0.263768
v -3.32115 0 -0.626731
v -2.69898 0 -1.40439
f 9 10 11 12
v -1.23438 0 -1.5698
v -2.09426 0 -2.08133
v -1.65287 0 -2.8233
v -0.792992 0 -2.31177
f 13 14 15 16
v 1.71601 0 2.06216
v 0.367154 0 3.67211
v -0.891194 0 2.61784
v 0.45766 0 1.00788
f 17 18 19 20
v 2.18117 0 0.635694
v 2.75546 0 0.281352
v 3.1428 0 0.909129
v 2.56852 0 1.26347
f 21 22 23 24
v 2.99165 0 -2.12445
v 2.65031 0 -1.54235
v 2.01398 0 -1.91548
v 2.35532 0 -2.49759
f 25 26 27 28
