8
3.74159 2.5022 -3.72215 2.5022 -3.72215 -2.52856 3.74159 -2.52856 2.59588 0.588 0.6 0.59
v -0.670248 0 1.82477
v -0.970198 0 2.77927
v -1.79382 0 2.52045
v -1.49387 0 1.56595
f 1 2 3 4
v 1.67206 0 1.71348
v 1.03469 0 3.60953
v 0.0485984 0 3.27805
v 0.685969 0 1.382
f 5 6 7 8
v -1.80586 0 -0.147001
v -2.72338 0 -0.534312
v -2.49743 0 -1.06958
v -1.57991 0 -0.682265
f 9 10 11 12
v 3.06774 0 2.74562
v 2.17694 0 2.29007
v 2.57003 0 1.52141
v 3.46082 0 1.97696
f 13 14 15 16
v 0.551153 0 -2.27914
v -0.305451 0 -0.361442
v -1.80434 0 -1.03097
v -0.947735 0 -2.94867
f 17 18 19 20
v -2.89162 0 -1.87544
v -3.00641 0 -1.21047
v -3.73332 0 -1.33596
v -3.61853 0 -2.00093
f 21 22 23 24
v 0.924956 0 0.238769
v 1.55201 0 -0.0105673
v 1.82457 0 0.674891
v 1.19752 0 0.924227
f 25 26 27 28
