8
3.74159 2.5022 -3.72215 2.5022 -3.72215 -2.52856 3.74159 -2.52856 2.59588 0.588 0.6 0.59
v -2.34669 0 -2.67609
v -2.31851 0 -1.67596
v -3.1815 0 -1.65164
v -3.20968 0 -2.65177
f 1 2 3 4
v -2.17155 0 0.374935
v -1.90026 0 2.35676
v -2.93096 0 2.49785
v -3.20226 0 0.516029
f 5 6 7 8
v -1.3051 0 1.48732
v -1.12606 0 2.46701
v -1.69759 0 2.57146
v -1.87663 0 1.59177
f 9 10 11 12
v -0.766014 0 0.00161252
v 0.227723 0 -0.114716
v 0.328101 0 0.742762
v -0.665636 0 0.859091
f 13 14 15 16
v 2.09191 0 -3.01573
v 2.51749 0 -0.958973
v 0.909924 0 -0.626333
v 0.484338 0 -2.68308
f 17 18 19 20
v 2.14801 0 1.61264
v 2.09713 0 0.939757
v 2.83269 0 0.884138
v 2.88357 0 1.55702
f 21 22 23 24
v -0.16636 0 1.1968
v -0.193682 0 1.87105
v -0.930738 0 1.84118
v -0.903415 0 1.16693
f 25 26 27 28
