8
3.74159 2.5022 -3.72215 2.5022 -3.72215 -2.52856 3.74159 -2.52856 2.59588 0.588 0.6 0.59
v -2.69164 0 0.645644
v -2.66323 0 1.64576
v -3.52622 0 1.67028
v -3.55463 0 0.670158
f 1 2 3 4
v -1.63288 0 -2.34293
v -1.46039 0 -0.350079
v -2.49683 0 -0.260369
v -2.66932 0 -2.25322
f 5 6 7 8
v 0.346807 0 -0.76206
v 0.306482 0 0.233038
v -0.274041 0 0.209513
v -0.233716 0 -0.785585
f 9 10 11 12
v 1.31451 0 0.38582
v 1.39207 0 -0.611692
v 2.2528 0 -0.544773
v 2.17525 0 0.452739
f 13 14 15 16
v 1.83139 0 -3.56099
v 2.25697 0 -1.50423
v 0.649404 0 -1.17159
v 0.223818 0 -3.22835
f 17 18 19 20
v -0.998062 0 1.02034
v -0.964891 0 1.69432
v -1.70166 0 1.73058
v -1.73483 0 1.0566
f 21 22 23 24
v 0.785552 0 1.97852
v 0.769088 0 1.30392
v 1.50653 0 1.28592
v 1.52299 0 1.96052
f 25 26 27 28
