8
3.74159 2.5022 -3.72215 2.5022 -3.72215 -2.52856 3.74159 -2.52856 2.59588 0.588 0.6 0.59
v -1.43384 0 -0.754041
v -1.20246 0 0.219359
v -2.04239 0 0.419013
v -2.27377 0 -0.554387
f 1 2 3 4
v 0.365575 0 -0.268804
v 0.779021 0 1.68831
v -0.238831 0 1.90333
v -0.652277 0 -0.0537792
f 5 6 7 8
v 1.59876 0 -1.86548
v 1.80056 0 -0.890223
v 1.23162 0 -0.772496
v 1.02981 0 -1.74775
f 9 10 11 12
v 2.12268 0 0.364453
v 1.14957 0 0.131849
v 1.35028 0 -0.707829
v 2.32339 0 -0.475226
f 13 14 15 16
v 0.191469 0 -2.836
v -0.227418 0 -0.777871
v -1.83606 0 -1.10528
v -1.41718 0 -3.1634
f 17 18 19 20
v -3.09634 0 -2.70924
v -2.93546 0 -2.0539
v -3.65184 0 -1.87803
v -3.81273 0 -2.53337
f 21 22 23 24
v -3.36842 0 1.41388
v -3.2769 0 2.08245
v -4.00774 0 2.1825
v -4.09926 0 1.51393
f 25 26 27 28
