8
3.74159 2.5022 -3.72215 2.5022 -3.72215 -2.52856 3.74159 -2.52856 2.59588 0.588 0.6 0.59
v -1.551 0 0.782664
v -1.52644 0 1.78288
v -2.38951 0 1.80408
v -2.41407 0 0.803861
f 1 2 3 4
v -0.00524545 0 3.04916
v 0.238885 0 1.06381
v 1.27142 0 1.19078
v 1.02729 0 3.17613
f 5 6 7 8
v -1.35807 0 -1.09619
v -2.35296 0 -1.05089
v -2.37939 0 -1.63128
v -1.3845 0 -1.67659
f 9 10 11 12
v -3.86566 0 1.75833
v -3.82983 0 0.758445
v -2.96705 0 0.789363
v -3.00288 0 1.78924
f 13 14 15 16
v 1.31174 0 -2.45815
v 1.27922 0 -0.358081
v -0.362204 0 -0.383498
v -0.329685 0 -2.48357
f 17 18 19 20
v 2.41371 0 -1.62758
v 2.39995 0 -2.30224
v 3.13746 0 -2.31728
v 3.15122 0 -1.64261
f 21 22 23 24
v -1.83872 0 -2.78102
v -1.8822 0 -2.10762
v -2.61833 0 -2.15515
v -2.57485 0 -2.82855
f 25 26 27 28
