8
3.74159 2.5022 -3.72215 2.5022 -3.72215 -2.52856 3.74159 -2.52856 2.59588 0.588 0.6 0.59
v 0.129524 0 0.647534
v -0.198336 0 1.59281
v -1.014 0 1.30991
v -0.686141 0 0.36463
f 1 2 3 4
v 2.55869 0 0.541039
v 0.641511 0 -0.0296208
v 0.938299 0 -1.0267
v 2.85548 0 -0.456045
f 5 6 7 8
v -2.13694 0 -0.090114
v -3.06161 0 -0.460036
v -2.8458 0 -0.99947
v -1.92114 0 -0.629548
f 9 10 11 12
v -1.87354 0 -2.23126
v -2.14094 0 -1.26714
v -2.97287 0 -1.49787
v -2.70547 0 -2.462
f 13 14 15 16
v 1.21299 0 -2.21633
v 0.556583 0 -0.221221
v -1.00281 0 -0.734274
v -0.346402 0 -2.72939
f 17 18 19 20
v 1.24283 0 1.28368
v 1.86988 0 1.03435
v 2.14244 0 1.71981
v 1.51539 0 1.96914
f 21 22 23 24
v -2.89149 0 -0.151211
v -3.05329 0 0.503908
v -3.76943 0 0.327036
v -3.60763 0 -0.328083
f 25 26 27 28
