8
3.74159 2.5022 -3.72215 2.5022 -3.72215 -2.52856 3.74159 -2.52856 2.59588 0.588 0.6 0.59
v 0.362769 0 2.05235
v -0.635112 0 2.12499
v -0.697793 0 1.26394
v 0.300089 0 1.1913
f 1 2 3 4
v 0.447125 0 1.03598
v 0.51876 0 -0.963048
v 1.55841 0 -0.925792
v 1.48677 0 1.07323
f 5 6 7 8
v -1.6628 0 -0.887177
v -0.672775 0 -0.995363
v -0.609661 0 -0.417802
v -1.59968 0 -0.309615
f 9 10 11 12
v -2.35736 0 0.344214
v -2.3039 0 1.34331
v -3.166 0 1.38944
v -3.21946 0 0.390344
f 13 14 15 16
v 0.749399 0 -3.56222
v 0.958731 0 -1.47235
v -0.674721 0 -1.30874
v -0.884052 0 -3.3986
f 17 18 19 20
v -2.05245 0 -1.32637
v -2.06599 0 -0.651698
v -2.8035 0 -0.666505
v -2.78996 0 -1.34117
f 21 22 23 24
v 2.11041 0 -1.49358
v 2.09666 0 -2.16825
v 2.83416 0 -2.18328
v 2.84792 0 -1.50862
f 25 26 27 28
