8
3.74159 2.5022 -3.72215 2.5022 -3.72215 -2.52856 3.74159 -2.52856 2.59588 0.588 0.6 0.59
v 0.456157 0 0.579627
v 0.491987 0 -0.420253
v 1.35477 0 -0.389335
v 1.31894 0 0.610545
f 1 2 3 4
v -0.174136 0 0.415366
v -2.16797 0 0.254568
v -2.08434 0 -0.782382
v -0.0905082 0 -0.621584
f 5 6 7 8
v 0.688804 0 0.89832
v 0.675437 0 1.89415
v 0.0944895 0 1.88635
v 0.107856 0 0.890522
f 9 10 11 12
v -2.31617 0 0.763582
v -2.30524 0 1.76404
v -3.16852 0 1.77348
v -3.17945 0 0.773013
f 13 14 15 16
v 1.67528 0 -3.37065
v 1.82323 0 -1.27554
v 0.185682 0 -1.15991
v 0.0377348 0 -3.25501
f 17 18 19 20
v 2.64997 0 -1.59184
v 2.61311 0 -2.26564
v 3.34967 0 -2.30593
v 3.38653 0 -1.63214
f 21 22 23 24
v -2.96985 0 -2.4206
v -3.0372 0 -1.74917
v -3.77117 0 -1.82279
v -3.70383 0 -2.49422
f 25 26 27 28
