8
3.74159 2.5022 -3.72215 2.5022 -3.72215 -2.52856 3.74159 -2.52856 2.59588 0.588 0.6 0.59
v -1.94959 0 -0.161516
v -1.8139 0 0.829762
v -2.66925 0 0.946852
v -2.80495 0 -0.0444254
f 1 2 3 4
v 1.17491 0 0.684076
v 3.14373 0 0.330595
v 3.32757 0 1.35454
v 1.35875 0 1.70802
f 5 6 7 8
v 2.5118 0 -2.3646
v 2.71361 0 -1.38934
v 2.14466 0 -1.27161
v 1.94286 0 -2.24687
f 9 10 11 12
v -0.597348 0 1.92051
v 0.401476 0 1.86224
v 0.451756 0 2.72411
v -0.547068 0 2.78238
f 13 14 15 16
v 0.789969 0 -2.68411
v 1.28908 0 -0.643955
v -0.305518 0 -0.253845
v -0.804631 0 -2.294
f 17 18 19 20
v -1.00355 0 1.1601
v -1.16535 0 1.81522
v -1.88149 0 1.63835
v -1.71969 0 0.983229
f 21 22 23 24
v 0.601548 0 0.112838
v 0.741024 0 0.77307
v 0.0192925 0 0.925538
v -0.120184 0 0.265306
f 25 26 27 28
