8
3.74159 2.5022 -3.72215 2.5022 -3.72215 -2.52856 3.74159 -2.52856 2.59588 0.588 0.6 0.59
v 1.91101 0 -0.330699
v 1.44742 0 0.555938
v 0.682354 0 0.15591
v 1.14595 0 -0.730727
f 1 2 3 4
v 4.24231 0 0.610683
v 2.46137 0 -0.30008
v 2.93504 0 -1.22631
v 4.71597 0 -0.315545
f 5 6 7 8
v -2.5895 0 1.67421
v -3.50701 0 1.2869
v -3.28106 0 0.751635
v -2.36355 0 1.13895
f 9 10 11 12
v 0.0498052 0 1.81547
v -0.480922 0 2.66363
v -1.21278 0 2.20567
v -0.682056 0 1.35752
f 13 14 15 16
v 0.522088 0 -3.30757
v 1.86137 0 -1.68964
v 0.596787 0 -0.642851
v -0.742493 0 -2.26078
f 17 18 19 20
v -1.65141 0 -2.05193
v -1.35261 0 -1.44688
v -2.01402 0 -1.12025
v -2.31281 0 -1.7253
f 21 22 23 24
v 3.13887 0 -2.2977
v 3.76027 0 -2.56081
v 4.04789 0 -1.88153
v 3.42649 0 -1.61842
f 25 26 27 28
