8
3.74159 2.5022 -3.72215 2.5022 -3.72215 -2.52856 3.74159 -2.52856 2.59588 0.588 0.6 0.59
v -1.08654 0 1.23945
v -0.932031 0 2.22797
v -1.78501 0 2.3613
v -1.93952 0 1.37278
f 1 2 3 4
v 0.52078 0 1.53715
v 2.51373 0 1.70853
v 2.4246 0 2.74502
v 0.431653 0 2.57365
f 5 6 7 8
v -0.561135 0 2.88152
v -0.556411 0 1.88561
v 0.0245827 0 1.88837
v 0.0198582 0 2.88427
f 9 10 11 12
v 2.43671 0 0.663911
v 2.41048 0 -0.336267
v 3.27352 0 -0.358898
v 3.29975 0 0.641281
f 13 14 15 16
v 0.261495 0 -2.34596
v 0.0265572 0 -0.258822
v -1.60477 0 -0.44245
v -1.36983 0 -2.52959
f 17 18 19 20
v -2.75231 0 0.766064
v -2.68846 0 0.0942873
v -1.95411 0 0.164074
v -2.01795 0 0.835851
f 21 22 23 24
v -2.97712 0 -0.659053
v -2.93342 0 0.0143344
v -3.66954 0 0.0620954
v -3.71323 0 -0.611292
f 25 26 27 28
