8
3.74159 2.5022 -3.72215 2.5022 -3.72215 -2.52856 3.74159 -2.52856 2.59588 0.588 0.6 0.59
v -1.99481 0 1.7655
v -0.994664 0 1.73803
v -0.970964 0 2.60104
v -1.97111 0 2.62851
f 1 2 3 4
v -0.971685 0 -0.825706
v -0.842172 0 1.1704
v -1.88031 0 1.23776
v -2.00982 0 -0.758349
f 5 6 7 8
v 1.06531 0 0.722006
v 2.05884 0 0.790896
v 2.01865 0 1.3705
v 1.02513 0 1.30161
f 9 10 11 12
v 0.311307 0 0.0671851
v 0.153245 0 -0.920773
v 1.00574 0 -1.05716
v 1.1638 0 -0.0692042
f 13 14 15 16
v 1.74105 0 -3.5367
v 1.84691 0 -1.43905
v 0.207375 0 -1.3563
v 0.101512 0 -3.45396
f 17 18 19 20
v -1.81045 0 -1.20136
v -1.86353 0 -1.87407
v -1.12815 0 -1.93209
v -1.07507 0 -1.25938
f 21 22 23 24
v 2.08534 0 0.79862
v 2.07842 0 0.123852
v 2.81604 0 0.116286
v 2.82296 0 0.791054
f 25 26 27 28
