8
3.74159 2.5022 -3.72215 2.5022 -3.72215 -2.52856 3.74159 -2.52856 2.59588 0.588 0.6 0.59
v -3.92985 0 0.136727
v -2.92938 0 0.127216
v -2.92117 0 0.99051
v -3.92165 0 1.00002
f 1 2 3 4
v 0.674691 0 -1.16084
v 0.293566 0 -3.1245
v 1.31482 0 -3.32272
v 1.69595 0 -1.35905
f 5 6 7 8
v 0.925717 0 -0.230331
v 1.92163 0 -0.233106
v 1.92325 0 0.347892
v 0.927335 0 0.350666
f 9 10 11 12
v -2.03622 0 -1.50965
v -3.03408 0 -1.43665
v -3.09706 0 -2.29768
v -2.09921 0 -2.37068
f 13 14 15 16
v -1.84427 0 2.72594
v -1.79587 0 0.626176
v -0.154682 0 0.664003
v -0.203078 0 2.76377
f 17 18 19 20
v -1.82736 0 -0.528701
v -1.8538 0 0.145584
v -2.59089 0 0.116684
v -2.56446 0 -0.557601
f 21 22 23 24
v 2.8984 0 0.0684884
v 2.8057 0 -0.599917
v 3.53637 0 -0.701254
v 3.62907 0 -0.0328483
f 25 26 27 28
