8
3.74159 2.5022 -3.72215 2.5022 -3.72215 -2.52856 3.74159 -2.52856 2.59588 0.588 0.6 0.59
v -1.23103 0 -0.0972842
v -1.81651 0 0.714048
v -2.51659 0 0.208848
v -1.93111 0 -0.602483
f 1 2 3 4
v 1.32698 0 0.240014
v -0.392135 0 -0.782669
v 0.13974 0 -1.67674
v 1.85885 0 -0.65406
f 5 6 7 8
v -0.403992 0 -0.88881
v -1.00706 0 -0.0962438
v -1.46943 0 -0.448061
v -0.866361 0 -1.24063
f 9 10 11 12
v -1.67928 0 1.34575
v -1.07709 0 2.14476
v -1.76654 0 2.66437
v -2.36873 0 1.86536
f 13 14 15 16
v 2.07448 0 0.809233
v 0.777115 0 2.46096
v -0.513882 0 1.44693
v 0.783485 0 -0.204798
f 17 18 19 20
v 1.76898 0 -0.399089
v 2.29462 0 -0.822239
v 2.75719 0 -0.24763
v 2.23154 0 0.17552
f 21 22 23 24
v 0.168067 0 -2.43387
v -0.259951 0 -1.91218
v -0.830235 0 -2.38006
v -0.402218 0 -2.90175
f 25 26 27 28
