8
3.74159 2.5022 -3.72215 2.5022 -3.72215 -2.52856 3.74159 -2.52856 2.59588 0.588 0.6 0.59
v 0.743349 0 1.17882
v 0.724797 0 0.178468
v 1.58798 0 0.16246
v 1.60653 0 1.16281
f 1 2 3 4
v -0.588022 0 2.85424
v -0.556735 0 0.854183
v 0.483455 0 0.870454
v 0.452168 0 2.87052
f 5 6 7 8
v 1.92568 0 0.607326
v 2.92134 0 0.630046
v 2.90808 0 1.21089
v 1.91243 0 1.18817
f 9 10 11 12
v -1.60749 0 0.921433
v -1.54271 0 1.91986
v -2.40423 0 1.97575
v -2.46901 0 0.977331
f 13 14 15 16
v 0.328864 0 -3.52925
v 0.348213 0 -1.42901
v -1.29334 0 -1.41389
v -1.31269 0 -3.51412
f 17 18 19 20
v 0.876214 0 -0.0938386
v 0.770609 0 -0.760327
v 1.49918 0 -0.875769
v 1.60478 0 -0.20928
f 21 22 23 24
v -1.78498 0 -0.537352
v -1.89726 0 0.128044
v -2.62464 0 0.0053029
v -2.51235 0 -0.660093
f 25 26 27 28
