8
3.74159 2.5022 -3.72215 2.5022 -3.72215 -2.52856 3.74159 -2.52856 2.59588 0.588 0.6 0.59
v 1.47194 0 0.621986
v 1.44696 0 -0.378224
v 2.31002 0 -0.399777
v 2.335 0 0.600434
f 1 2 3 4
v 0.519353 0 1.80115
v -1.4702 0 1.59399
v -1.36246 0 0.559268
v 0.62709 0 0.766425
f 5 6 7 8
v -1.50186 0 -0.0844797
v -2.49732 0 -0.114551
v -2.47977 0 -0.695286
v -1.48431 0 -0.665215
f 9 10 11 12
v -1.8869 0 0.91917
v -1.955 0 1.91737
v -2.81633 0 1.85861
v -2.74823 0 0.86041
f 13 14 15 16
v 1.20944 0 -2.26314
v 1.08178 0 -0.166701
v -0.556808 0 -0.266482
v -0.429146 0 -2.36292
f 17 18 19 20
v 1.20399 0 2.00053
v 1.17532 0 2.67472
v 0.438331 0 2.64339
v 0.466991 0 1.9692
f 21 22 23 24
v -3.23064 0 -0.296535
v -3.26937 0 0.377157
v -4.00581 0 0.334829
v -3.96709 0 -0.338863
f 25 26 27 28
