8
3.74159 2.5022 -3.72215 2.5022 -3.72215 -2.52856 3.74159 -2.52856 2.59588 0.588 0.6 0.59
v 2.80803 0 -0.958275
v 2.79777 0 -1.95874
v 3.66106 0 -1.9676
v 3.67132 0 -0.96713
f 1 2 3 4
v -0.735932 0 -1.90757
v -2.72809 0 -1.7272
v -2.8219 0 -2.76328
v -0.82974 0 -2.94365
f 5 6 7 8
v 1.73307 0 1.04272
v 2.72873 0 1.06544
v 2.71547 0 1.64629
v 1.71982 0 1.62357
f 9 10 11 12
v 0.105895 0 1.71386
v 1.09566 0 1.86015
v 0.969435 0 2.7142
v -0.0203345 0 2.56791
f 13 14 15 16
v 1.57433 0 -3.1051
v 1.68019 0 -1.00745
v 0.0406502 0 -0.924703
v -0.0652122 0 -3.02236
f 17 18 19 20
v -1.86745 0 1.27143
v -1.82376 0 1.94482
v -2.55988 0 1.99258
v -2.60357 0 1.31919
f 21 22 23 24
v 0.81469 0 0.929354
v 0.784844 0 0.255211
v 1.52178 0 0.222585
v 1.55163 0 0.896728
f 25 26 27 28
