8
3.74159 2.5022 -3.72215 2.5022 -3.72215 -2.52856 3.74159 -2.52856 2.59588 0.588 0.6 0.59
v -0.982043 0 0.861592
v -0.95896 0 1.86185
v -1.82206 0 1.88177
v -1.84515 0 0.88151
f 1 2 3 4
v 0.449207 0 2.63609
v 0.458696 0 0.635806
v 1.499 0 0.640741
v 1.48951 0 2.64102
f 5 6 7 8
v -1.58817 0 0.162209
v -2.57203 0 0.00777647
v -2.48194 0 -0.566196
v -1.49807 0 -0.411764
f 9 10 11 12
v 2.16697 0 -0.456213
v 1.16667 0 -0.477385
v 1.18494 0 -1.34052
v 2.18524 0 -1.31935
f 13 14 15 16
v 0.476568 0 -2.14713
v 0.24163 0 -0.0599876
v -1.38969 0 -0.243616
v -1.15475 0 -2.33076
f 17 18 19 20
v 2.93149 0 1.41746
v 2.97424 0 0.744011
v 3.71042 0 0.790745
v 3.66766 0 1.46419
f 21 22 23 24
v -3.24885 0 -2.80151
v -3.10023 0 -2.14328
v -3.81978 0 -1.98082
v -3.96839 0 -2.63906
f 25 26 27 28
