8
3.74159 2.5022 -3.72215 2.5022 -3.72215 -2.52856 3.74159 -2.52856 2.59588 0.588 0.6 0.59
v 0.666624 0 -0.844846
v 0.64285 0 -1.84509
v 1.50594 0 -1.8656
v 1.52971 0 -0.86536
f 1 2 3 4
v -1.56806 0 -1.96991
v -3.56304 0 -1.82397
v -3.63894 0 -2.86152
v -1.64396 0 -3.00746
f 5 6 7 8
v 1.78225 0 0.188671
v 2.77816 0 0.185897
v 2.77978 0 0.766894
v 1.78387 0 0.769669
f 9 10 11 12
v -2.59367 0 -0.27743
v -1.59366 0 -0.309313
v -1.56614 0 0.553582
v -2.56616 0 0.585464
f 13 14 15 16
v -0.537459 0 3.37495
v -0.647691 0 1.27752
v 0.991672 0 1.19137
v 1.1019 0 3.28879
f 17 18 19 20
v 1.97339 0 -2.06127
v 1.88069 0 -2.72968
v 2.61136 0 -2.83101
v 2.70406 0 -2.16261
f 21 22 23 24
v -0.194917 0 -0.707823
v -0.202362 0 -0.0330604
v -0.939977 0 -0.0411984
v -0.932532 0 -0.715961
f 25 26 27 28
