8
3.74159 2.5022 -3.72215 2.5022 -3.72215 -2.52856 3.74159 -2.52856 2.59588 0.588 0.6 0.59
v -0.644761 0 2.05313
v 0.355384 0 2.02567
v 0.379084 0 2.88868
v -0.621061 0 2.91614
f 1 2 3 4
v -2.74695 0 -0.466679
v -2.82532 0 1.53209
v -3.86484 0 1.49133
v -3.78647 0 -0.507437
f 5 6 7 8
v 1.7056 0 -1.39763
v 2.69913 0 -1.32874
v 2.65894 0 -0.749136
v 1.66541 0 -0.818026
f 9 10 11 12
v 0.00699657 0 -1.34524
v -0.130451 0 -2.33627
v 0.724697 0 -2.45488
v 0.862145 0 -1.46384
f 13 14 15 16
v 0.211397 0 1.43983
v -0.0193923 0 -0.647774
v 1.61229 0 -0.828161
v 1.84308 0 1.25944
f 17 18 19 20
v -2.28514 0 1.85689
v -2.25113 0 2.53083
v -2.98785 0 2.56801
v -3.02187 0 1.89407
f 21 22 23 24
v 2.26093 0 0.944094
v 2.25401 0 0.269326
v 2.99163 0 0.26176
v 2.99855 0 0.936528
f 25 26 27 28
