8
3.74159 2.5022 -3.72215 2.5022 -3.72215 -2.52856 3.74159 -2.52856 2.59588 0.588 0.6 0.59
v 0.609791 0 1.37462
v 0.716111 0 0.379765
v 1.57456 0 0.471508
v 1.46824 0 1.46636
f 1 2 3 4
v 1.26781 0 0.527188
v -0.727544 0 0.386475
v -0.654362 0 -0.651265
v 1.34099 0 -0.510552
f 5 6 7 8
v -2.65858 0 1.18466
v -3.64742 0 1.06615
v -3.57828 0 0.489282
v -2.58944 0 0.607789
f 9 10 11 12
v -0.977833 0 0.351446
v -0.893416 0 1.3484
v -1.75367 0 1.42124
v -1.83809 0 0.424287
f 13 14 15 16
v 0.790487 0 -3.37535
v 0.954659 0 -1.28145
v -0.681943 0 -1.15313
v -0.846116 0 -3.24703
f 17 18 19 20
v 2.20401 0 -0.191935
v 2.18717 0 -0.866528
v 2.9246 0 -0.884943
v 2.94144 0 -0.21035
f 21 22 23 24
v -2.87065 0 -1.85681
v -2.79127 0 -1.1867
v -3.52381 0 -1.09992
v -3.60319 0 -1.77004
f 25 26 27 28
