8
3.74159 2.5022 -3.72215 2.5022 -3.72215 -2.52856 3.74159 -2.52856 2.59588 0.588 0.6 0.59
v -3.00382 0 1.26693
v -2.0038 0 1.23505
v -1.97629 0 2.09794
v -2.97631 0 2.12982
f 1 2 3 4
v -1.82296 0 0.382946
v -1.87049 0 -1.6168
v -0.830465 0 -1.64151
v -0.782936 0 0.358227
f 5 6 7 8
v 1.65349 0 -1.07747
v 2.64855 0 -1.03621
v 2.62448 0 -0.455712
v 1.62942 0 -0.496969
f 9 10 11 12
v -2.74562 0 -0.875706
v -3.74347 0 -0.80271
v -3.80646 0 -1.66374
v -2.8086 0 -1.73674
f 13 14 15 16
v -1.00018 0 3.21114
v -1.11041 0 1.11371
v 0.528954 0 1.02755
v 0.639186 0 3.12498
f 17 18 19 20
v 1.27508 0 1.23297
v 1.27705 0 0.558167
v 2.01471 0 0.560329
v 2.01273 0 1.23513
f 21 22 23 24
v 1.50716 0 -0.766562
v 1.58221 0 -0.0959457
v 0.849129 0 -0.0139035
v 0.774078 0 -0.68452
f 25 26 27 28
