8
3.74159 2.5022 -3.72215 2.5022 -3.72215 -2.52856 3.74159 -2.52856 2.59588 0.588 0.6 0.59
v -1.64445 0 -0.641737
v -1.01987 0 0.139891
v -1.69432 0 0.678832
v -2.3189 0 -0.102796
f 1 2 3 4
v -0.107897 0 -2.0807
v -1.51993 0 -0.663875
v -2.25679 0 -1.39824
v -0.844757 0 -2.81507
f 5 6 7 8
v 2.49459 0 2.86025
v 1.64239 0 2.34489
v 1.94305 0 1.84773
v 2.79525 0 2.36309
f 9 10 11 12
v 1.66183 0 -1.28164
v 0.992848 0 -2.02563
v 1.63482 0 -2.60288
v 2.3038 0 -1.85889
f 13 14 15 16
v 0.236153 0 0.444871
v 1.87222 0 -0.872181
v 2.90164 0 0.406583
v 1.26557 0 1.72363
f 17 18 19 20
v 2.66327 0 1.21689
v 3.26974 0 0.920979
v 3.59321 0 1.58393
v 2.98675 0 1.87984
f 21 22 23 24
v -2.46297 0 -1.44451
v -2.9232 0 -0.951003
v -3.46267 0 -1.4541
v -3.00245 0 -1.94761
f 25 26 27 28
