8
3.74159 2.5022 -3.72215 2.5022 -3.72215 -2.52856 3.74159 -2.52856 2.59588 0.588 0.6 0.59
v -0.799599 0 -1.18346
v -1.60289 0 -1.77992
v -1.08822 0 -2.47307
v -0.284926 0 -1.87661
f 1 2 3 4
v -2.11234 0 -1.92585
v -3.22644 0 -0.264521
v -4.09046 0 -0.843942
v -2.97636 0 -2.50527
f 5 6 7 8
v -0.481395 0 -0.746439
v -1.04857 0 0.0721906
v -1.52615 0 -0.258692
v -0.95897 0 -1.07732
f 9 10 11 12
v -2.52902 0 -0.187215
v -1.8226 0 0.521317
v -2.43398 0 1.13087
v -3.1404 0 0.42234
f 13 14 15 16
v 0.626439 0 0.095745
v 2.26251 0 -1.22131
v 3.29193 0 0.0574569
v 1.65586 0 1.37451
f 17 18 19 20
v 3.56553 0 -1.11222
v 3.05923 0 -1.55833
v 3.54689 0 -2.1118
v 4.0532 0 -1.66568
f 21 22 23 24
v 2.71896 0 1.38192
v 3.30817 0 1.053
v 3.66773 0 1.69709
v 3.07852 0 2.02601
f 25 26 27 28
