8
3.74159 2.5022 -3.72215 2.5022 -3.72215 -2.52856 3.74159 -2.52856 2.59588 0.588 0.6 0.59
v -2.78561 0 0.490033
v -2.0256 0 -0.160681
v -1.46411 0 0.495119
v -2.22412 0 1.14583
f 1 2 3 4
v -3.91066 0 -1.57289
v -2.68943 0 0.0113498
v -3.51336 0 0.646488
v -4.73459 0 -0.93775
f 5 6 7 8
v -0.399812 0 -0.375971
v -1.0053 0 0.414744
v -1.46659 0 0.0615114
v -0.861102 0 -0.729203
f 9 10 11 12
v -1.08178 0 -1.74815
v -1.87741 0 -2.3548
v -1.35395 0 -3.04133
v -0.558318 0 -2.43469
f 13 14 15 16
v 1.06107 0 1.71966
v 2.6475 0 0.343226
v 3.72333 0 1.58319
v 2.1369 0 2.95963
f 17 18 19 20
v 1.10448 0 -0.678082
v 1.70287 0 -0.989988
v 2.04383 0 -0.335856
v 1.44544 0 -0.02395
f 21 22 23 24
v 1.31587 0 -1.85589
v 1.02083 0 -1.249
v 0.357416 0 -1.57153
v 0.65246 0 -2.17842
f 25 26 27 28
