8
3.74159 2.5022 -3.72215 2.5022 -3.72215 -2.52856 3.74159 -2.52856 2.59588 0.588 0.6 0.59
v -1.64811 0 -1.50371
v -2.52998 0 -1.97632
v -2.12218 0 -2.73727
v -1.24031 0 -2.26466
f 1 2 3 4
v -2.36348 0 -1.71476
v -3.517 0 -0.0805563
v -4.36691 0 -0.680475
v -3.2134 0 -2.31468
f 5 6 7 8
v -0.576075 0 -0.132724
v -1.17194 0 0.665268
v -1.63748 0 0.31765
v -1.04161 0 -0.480342
f 9 10 11 12
v -4.17863 0 0.812243
v -3.41862 0 0.161529
v -2.85713 0 0.817329
v -3.61714 0 1.46804
f 13 14 15 16
v 0.533659 0 -0.606322
v 2.49331 0 -1.36204
v 3.08398 0 0.169643
v 1.12433 0 0.925357
f 17 18 19 20
v 3.11121 0 0.532014
v 3.7096 0 0.220108
v 4.05056 0 0.87424
v 3.45217 0 1.18615
f 21 22 23 24
v 0.642483 0 -2.1662
v 0.368642 0 -1.54946
v -0.305549 0 -1.84881
v -0.0317074 0 -2.46555
f 25 26 27 28
