8
3.74159 2.5022 -3.72215 2.5022 -3.72215 -2.52856 3.74159 -2.52856 2.59588 0.588 0.6 0.59
v -2.41533 0 -1.74157
v -2.98181 0 -0.916864
v -3.69344 0 -1.40567
v -3.12695 0 -2.23038
f 1 2 3 4
v -0.686728 0 -0.669493
v -2.39302 0 -1.71342
v -1.8501 0 -2.60083
v -0.143804 0 -1.5569
f 5 6 7 8
v -0.238416 0 -0.487005
v -0.752752 0 0.365817
v -1.25027 0 0.065762
v -0.735938 0 -0.78706
f 9 10 11 12
v -0.214832 0 1.68244
v -1.10608 0 1.22778
v -0.713755 0 0.458734
v 0.177493 0 0.913402
f 13 14 15 16
v 0.443388 0 -0.464302
v 2.38874 0 -1.25611
v 3.00762 0 0.264384
v 1.06227 0 1.0562
f 17 18 19 20
v 0.795848 0 -1.95578
v 0.522006 0 -1.33904
v -0.152184 0 -1.63839
v 0.121657 0 -2.25513
f 21 22 23 24
v 3.07084 0 0.426497
v 3.66923 0 0.114591
v 4.01019 0 0.768723
v 3.4118 0 1.08063
f 25 26 27 28
