8
3.74159 2.5022 -3.72215 2.5022 -3.72215 -2.52856 3.74159 -2.52856 2.59588 0.588 0.6 0.59
v 0.699093 0 -0.0964983
v -0.112801 0 -0.681197
v 0.391726 0 -1.38177
v 1.20362 0 -0.797068
f 1 2 3 4
v -2.31569 0 -2.42327
v -3.44824 0 -0.774463
v -4.30575 0 -1.36348
v -3.1732 0 -3.01228
f 5 6 7 8
v -1.32773 0 2.61769
v -2.21487 0 2.16511
v -1.95085 0 1.64757
v -1.0637 0 2.10014
f 9 10 11 12
v -1.34445 0 -1.03776
v -2.19791 0 -1.55991
v -1.74735 0 -2.29635
v -0.89389 0 -1.7742
f 13 14 15 16
v -0.561523 0 1.16052
v 1.18886 0 -0.000297835
v 2.09617 0 1.36782
v 0.345781 0 2.52863
f 17 18 19 20
v 2.26602 0 0.146551
v 2.89509 0 -0.0976335
v 3.16202 0 0.590037
v 2.53295 0 0.834222
f 21 22 23 24
v 1.51122 0 -1.91731
v 1.26964 0 -1.28723
v 0.580872 0 -1.5513
v 0.822447 0 -2.18138
f 25 26 27 28
