8
3.74159 2.5022 -3.72215 2.5022 -3.72215 -2.52856 3.74159 -2.52856 2.59588 0.588 0.6 0.59
v -0.637555 0 2.61394
v -1.46085 0 2.04541
v -0.970276 0 1.335
v -0.14698 0 1.90353
f 1 2 3 4
v 1.0511 0 -1.29641
v -0.572086 0 -2.46537
v 0.0358684 0 -3.30956
v 1.65906 0 -2.14059
f 5 6 7 8
v -0.397861 0 -2.12969
v -0.914813 0 -1.27845
v -1.41141 0 -1.58003
v -0.89446 0 -2.43127
f 9 10 11 12
v -3.00926 0 1.88841
v -3.53999 0 2.73657
v -4.27185 0 2.27861
v -3.74113 0 1.43045
f 13 14 15 16
v 2.03704 0 0.478153
v 1.06385 0 2.3394
v -0.390916 0 1.57875
v 0.582275 0 -0.282499
f 17 18 19 20
v -0.900789 0 0.272413
v -0.651413 0 0.899446
v -1.33685 0 1.17205
v -1.58623 0 0.545019
f 21 22 23 24
v 2.15386 0 1.54011
v 2.77526 0 1.277
v 3.06288 0 1.95628
v 2.44148 0 2.21939
f 25 26 27 28
